203
186
327
155
264
345
134
111
255
245
275
113
137
15
243
230
14
74
67
334
220
228
159
152
238
201
65
304
193
92
361
35
266
144
205
31
42
174
7
118
286
253
344
143
11
66
313
348
71
2
222
301
224
22
223
247
86
200
294
175
185
358
163
232
18
114
289
210
106
263
34
109
271
216
282
323
102
26
44
158
47
188
87
59
68
79
347
57
328
46
341
136
346
63
352
254
196
167
36
37
13
258
218
125
225
103
251
349
329
332
115
298
60
150
151
299
128
105
355
180
138
64
149
209
19
61
226
311
297
107
30
156
82
219
281
325
310
117
199
94
89
96
302
40
267
362
120
330
231
202
23
1
268
211
248
262
24
129
353
187
58
252
321
260
81
41
241
51
215
80
236
276
315
306
265
131
221
123
283
290
32
99
78
350
53
316
108
279
343
190
5
309
130
39
356
339
54
21
72
249
112
322
242
172
8
295
269
43
354
56
336
300
168
75
121
319
169
171
317
324
285
119
338
27
284
177
178
179
98
182
33
259
88
277
287
280
270
314
116
337
147
12
305
250
288
101
318
139
229
110
183
6
91
351
148
308
25
69
161
192
237
52
204
62
212
160
214
208
97
146
127
335
307
157
366
293
9
207
70
50
195
20
261
364
76
140
312
331
154
191
333
303
124
173
49
73
234
365
29
359
257
133
272
357
165
3
227
184
367
198
141
90
95
164
10
162
83
93
291
213
126
189
28
326
274
197
244
17
132
194
153
100
239
45
235
4
85
166
170
320
181
104
55
135
77
246
122
273
217
176
240
206
296
142
342
340
360
256
292
84
145